29
------------------------------------------------
1
INT1313
2019
1
3
60
12
6
N15DCCN043 9 N15DCCN167 9 N15DCCN196 9 N15DCCN191 8 N15DCCN176 7 N15DCCN166 6 
------------------------------------------------
2
INT1306
2018
1
1
70
2
5
N15DCCN166 9 N15DCCN133 8 N15DCCN153 7 N15DCCN142 6 N17DCCN074 8 
------------------------------------------------
3
INT1319
2019
1
2
100
4
6
N15DCCN043 0 N15DCCN097 8 N15DCCN110 8 N15DCCN071 7 N15DCCN085 7 N15DCCN095 6 
------------------------------------------------
4
INT1330
2019
1
3
100
5
4
N15DCCN116 7 N15DCCN115 6 N15DCCN072 4 N15DCCN114 4 
------------------------------------------------
5
INT1332
2019
1
3
50
9
0
------------------------------------------------
7
INT1340
2019
1
1
100
12
0
------------------------------------------------
8
INT1433
2018
2
1
100
13
0
------------------------------------------------
9
INT1156
2018
2
2
100
14
0
------------------------------------------------
10
INT1156
2018
2
3
50
15
0
------------------------------------------------
11
INT1157
2018
2
1
50
16
0
------------------------------------------------
12
INT1157
2018
1
1
100
17
0
------------------------------------------------
13
INT1156
2018
1
1
100
18
0
------------------------------------------------
14
INT1156
2017
2
5
100
19
0
------------------------------------------------
15
INT1303
2018
1
1
100
20
0
------------------------------------------------
16
INT1306
2018
1
1
50
21
0
------------------------------------------------
17
INT1156
2018
1
2
100
22
0
------------------------------------------------
18
INT1156
2018
1
3
100
23
0
------------------------------------------------
19
INT1156
2019
1
1
100
25
1
N15DCCN043 0 
------------------------------------------------
20
INT1303
2018
1
2
100
28
0
------------------------------------------------
21
INT1156
2018
1
4
50
50
0
------------------------------------------------
22
INT1156
2019
2
1
100
51
0
------------------------------------------------
23
INT1156
2019
2
2
100
52
0
------------------------------------------------
24
INT1303
2019
1
1
50
3
1
N15DCCN043 0 
------------------------------------------------
97
INT1427
2020
1
1
50
2
1
N15DCCN043 0 
------------------------------------------------
60
INT1450
2020
1
1
40
4
0
------------------------------------------------
45
INT1313
2020
1
2
55
11
0
------------------------------------------------
54
INT1313
2020
1
1
55
11
0
------------------------------------------------
70
INT1303
2020
1
1
55
12
0
------------------------------------------------
78
INT1313
2020
1
1
55
12
0
------------------------------------------------
